SW Portal  (155,596) 
10  (708,175) 
11  (30,337) 
12  (176,342) 
13  (520,325) 
14  (641,320) 
15  (710,318) 
S 2  (441,274) 
16  (583,361) 
S 1  (443,381) 
17  (16,469) 
S 4  (312,462) 
18  (517,419) 
19  (574,465) 
S 6  (529,217) 
S 12  (95,537) 
S 5  (425,521) 
S 13  (608,620) 
S 8  (213,523) 
S 10  (208,168) 
S 7  (287,182) 
S 11  (112,449) 
S 9  (496,558) 
1  (32,55) 
2  (149,30) 
NE Portal  (572,133) 
S 18  (68,654) 
3  (253,48) 
S 19  (147,664) 
4  (336,65) 
S 16  (487,120) 
5  (422,36) 
S 17  (120,191) 
6  (699,35) 
S 14  (639,119) 
7  (36,212) 
S 15  (567,31) 
8  (394,205) 
9  (609,252) 
20  (640,425) 
NW Portal  (150,146) 
21  (725,453) 
22  (322,560) 
S3  (303,311) 
23  (659,521) 
24  (23,597) 
25  (233,651) 
26  (337,650) 
27  (441,643) 
28  (708,608) 
29  (30,725) 
30  (177,728) 
31  (331,728) 
32  (457,719) 
33  (591,714) 
34  (710,708) 
Center  (365,364) 
SE Portal  (557,589) 